a_1 = 0.17615541165330845 +- 3.1179183103240815e-14  
a_3 = -0.16767349464925893 +- 9.209640877472624e-09  
a_5 = 0.15191521362945393 +- 1.44929518861506e-13  
a_7 = -0.13101063382317713 +- 8.011042340155513e-13  
a_9 = 0.10754253095422839 +- 4.616345459650291e-12  
a_11 = -0.08402768232829075 +- 2.1858731228600707e-11  
a_13 = 0.06249322582372793 +- 9.077059961418339e-11  
a_15 = -0.04423967496086781 +- 3.379341393847622e-10  
a_17 = 0.029809818942838642 +- 1.149145199353177e-09  
a_19 = -0.019119440333167665 +- 3.5001881764067794e-09  
a_21 = 0.011672380567585981 +- 9.481357463362282e-09  
a_23 = -0.006782848685429508 +- 1.1225776994172991e-08  
a_25 = 0.0037517444171871897 +- 1.5240084656205857e-13  
a_27 = -0.0019752532612306167 +- 6.916613990369617e-11  
a_29 = 0.00098987591270638 +- 1.847356960441789e-10  
a_31 = -0.0004721795257756727 +- 3.005003842981857e-09  
a_33 = 0.0002143887406951474 +- 7.226020673656799e-11  
a_35 = -9.265422360013131e-05 +- 9.557361473210729e-10  
a_37 = 3.811508525466381e-05 +- 3.175004186272486e-09  
a_39 = -1.4924403979435768e-05 +- 4.582212899238323e-09  
a_41 = 5.562442353217612e-06 +- 1.034103251901892e-09  
a_43 = -1.9733425324392102e-06 +- 1.3570874232056722e-08  
a_45 = 6.663583683235777e-07 +- 4.800095769361446e-12  
