a_1 = 0.0431691686773639 +- 4.792740501953652e-16 
a_3 = 0.0015988580991616321 +- 1.2863825705910115e-12 
a_5 = 0.000345353349418923 +- 1.1674331121903697e-15 
a_7 = 0.00012585763462787426 +- 1.23231082456432e-11 
a_9 = 5.921696663559884e-05 +- 3.2091723445315523e-09 
a_11 = 3.243363536991912e-05 +- 1.5461952236207996e-15 
a_13 = 1.9649143685632783e-05 +- 3.860220766670048e-13 
a_15 = 1.2790864793285313e-05 +- 2.4122988112260102e-11 
a_17 = 8.786722710644903e-06 +- 3.8190771871988646e-10 
a_19 = 6.2937991948449484e-06 +- 2.4938985442729544e-09 
a_21 = 4.661393875092035e-06 +- 4.091710078271656e-16 
a_23 = 3.5480536432493212e-06 +- 1.2414086816992648e-15 
a_25 = 2.7628267953525715e-06 +- 4.5438747877442776e-14 
a_27 = 2.193220986515163e-06 +- 4.169317065166772e-13 
a_29 = 1.770026187129293e-06 +- 3.1039943429152575e-12 
a_31 = 1.4490674592531011e-06 +- 2.8692746204157793e-11 
a_33 = 1.201245754429384e-06 +- 9.832528736521129e-11 
a_35 = 1.0068610770381874e-06 +- 4.77105023891089e-10 
a_37 = 8.522529499824775e-07 +- 1.9092999395051158e-09 
a_39 = 7.277460624543098e-07 +- 3.2544513368926165e-09 
a_41 = 6.263572594171355e-07 +- 1.0494751480038045e-08 
a_43 = 5.429606031724958e-07 +- 7.367353553854533e-09 
